0 1.0
0#1,10,2,3,4,5,6,7,9 1.0
0#1,10,2,3,4,5,6,7,9##1#0,16,17,18,,10#0,11,,2#0,15,,3#0,12,13,,4#0,14,,5#0,15,,6#0,,7#0,8,,9#0 -1.0
1 1.0
1#0,16,17,18 -1.0
1#0,16,17,18##0#1,10,2,3,4,5,6,7,9,,16#1,,17#1,,18#1,19 -1.0
2 -0.99999994
2#0,15 1.0
2#0,15##0#1,10,2,3,4,5,6,7,9,,15#2,20,5 1.0
3 0.99999994
3#0,12,13 0.99999994
3#0,12,13##0#1,10,2,3,4,5,6,7,9,,12#3,,13#3 0.99999994
4 -1.0
4#0,14 -1.0
4#0,14##0#1,10,2,3,4,5,6,7,9,,14#4 -1.0
5 -1.0
5#0,15 1.0
5#0,15##0#1,10,2,3,4,5,6,7,9,,15#2,20,5 -0.99999994
6 -1.0
6#0 -1.0
6#0##0#1,10,2,3,4,5,6,7,9 1.0
7 0.99999994
7#0,8 0.99999994
7#0,8##0#1,10,2,3,4,5,6,7,9,,8#7 0.99999994
8 1.0
8#7 -1.0000001
8#7##7#0,8 1.0
9 -0.99999994
9#0 -1.0
9#0##0#1,10,2,3,4,5,6,7,9 -1.0
10 -1.0
10#0,11 1.0
10#0,11##0#1,10,2,3,4,5,6,7,9,,11#10 -0.99999994
11 -1.0
11#10 -1.0
11#10##10#0,11 1.0
12 0.99999994
12#3 -1.0
12#3##3#0,12,13 -1.0
13 1.0
13#3 -1.0
13#3##3#0,12,13 -0.99999994
14 1.0
14#4 -1.0
14#4##4#0,14 0.99999994
15 -1.0
15#2,20,5 -1.0
15#2,20,5##2#0,15,,20#15,19,,5#0,15 -1.0
16 -0.99999994
16#1 1.0
16#1##1#0,16,17,18 -1.0
17 0.99999994
17#1 1.0
17#1##1#0,16,17,18 1.0
18 -1.0
18#1,19 -0.99999994
18#1,19##1#0,16,17,18,,19#18,20 0.99999994
19 1.0
19#18,20 -1.0
19#18,20##18#1,19,,20#15,19 1.0
20 0.99999994
20#15,19 1.0
20#15,19##15#2,20,5,,19#18,20 -1.0
UNK 1.0
