19 4
4#1##1#2,3,4,5,6 -1.12335169315 -0.407320052385 -1.23196947575 1.02685058117
3#1##1#2,3,4,5,6 -0.963891386986 0.947230696678 0.640123486519 -1.3281223774
1#2,3,4,5,6 -0.537281692028 0.42095798254 0.961332976818 -1.61553740501
2#1##1#2,3,4,5,6 -1.22322046757 0.912986814976 0.803855419159 1.01193058491
1#2,3,4,5,6##2#1,,3#1,,4#1,,5#1,,6#1 -0.30636587739 0.0609671771526 0.690223515034 -1.85094952583
5#1##1#2,3,4,5,6 -1.43284451962 -0.88721716404 1.04558289051 0.257990300655
5#1 -0.764775633812 1.44127368927 0.0957435443997 1.15268445015
2#1 -1.18688452244 0.964024424553 -1.22914683819 -0.388793021441
4#1 1.31211447716 0.579691112041 -0.390961766243 1.33770823479
1 -0.393886297941 -1.46181201935 0.204313889146 -1.29081952572
6#1 0.518839597702 1.50468218327 -0.892866969109 0.818245649338
3 1.15128970146 1.21427893639 1.08054161072 -0.180246725678
2 -1.96191906929 0.108523115516 -0.167818531394 0.33306607604
5 0.615498244762 1.4941534996 -1.12839138508 -0.339706093073
4 0.726666212082 -1.22966134548 1.157553792 -0.787374675274
6 1.46132433414 1.24999368191 0.424532234669 0.349026829004
3#1 1.42191898823 0.678493916988 0.862138807774 -0.880061924458
6#1##1#2,3,4,5,6 1.14307355881 1.61641764641 -0.246736750007 0.140347763896
UNK -0.00354140694253 1.17569684982 -1.44074261189 -0.736195981503
