19 5
4#1##1#2,3,4,5,6 -0.9141362 0.85246474 1.7630031 0.2744334 -0.5041485
3#1##1#2,3,4,5,6 0.1002951 0.5721322 -1.5671229 0.76903147 1.270953
1#2,3,4,5,6 -0.049210392 0.55244833 -1.0550817 0.61337435 -1.7896796
2#1##1#2,3,4,5,6 -0.69468176 1.5234315 0.6434127 -0.6760277 1.1513387
1#2,3,4,5,6##2#1,,3#1,,4#1,,5#1,,6#1 0.5023714 -1.1827909 0.14429195 1.4482924 1.1091696
5#1##1#2,3,4,5,6 -0.007923893 -0.17708789 1.0991564 1.886426 0.4492542
5#1 1.1761978 -0.21815476 -0.8222795 1.4115012 0.94894075
2#1 0.79659027 -1.4548855 -0.78178996 1.0894527 -0.67130435
4#1 0.9706022 -1.2813872 0.7520368 1.3529723 0.14101522
1 0.22535716 -0.47434112 -1.3326141 0.84771466 -1.4932296
6#1 0.7348514 1.3256443 1.491643 -0.57108194 -0.38926572
3 -0.69346446 0.011546658 0.2823378 -0.91003966 -1.9002863
2 -0.26320213 1.2677505 0.3309363 -1.7864639 -0.1502011
5 -0.21876623 -1.5188402 0.4784117 0.6469601 -1.4134461
4 1.4372725 0.8851193 0.7456129 -1.0039793 -0.76609284
6 -0.7202475 1.6518714 1.3148346 -0.025400637 -0.15207984
3#1 -1.3209972 1.2014232 -0.6583885 0.3026086 1.1342404
6#1##1#2,3,4,5,6 0.59495145 -1.2942513 0.40668976 -0.4550757 -1.6119727
UNK 0.57381356 -1.227445 0.16418804 -1.1904593 1.3114746
