77 1
1 -0.053167976
14 0.025635576
57 0.51731914
22 0.903703
44 -0.9280585
8 -0.7119256
3 0.6463745
7 0.9001006
62 -0.50108105
76 -0.37512293
41 0.73647386
17 -0.1529725
53 -0.4539278
79 0.65590364
32 -0.48794544
28 -0.18170717
11 0.28799236
64 0.100034215
74 -0.8296351
71 -0.9470275
42 0.72905433
55 0.50710696
16 0.6694515
68 0.07541284
80 0.63659704
20 -0.3405366
43 -0.09752349
70 0.57572395
19 -0.753025
18 -0.39569566
66 -0.75130427
12 -0.09078482
45 0.9560798
26 -0.7312124
60 -0.23409545
63 -0.19423793
4 0.8104419
35 -0.5945389
9 0.0012882224
2 -0.4751019
73 -0.96175253
34 0.49966723
5 -0.8809956
24 -0.43741912
46 -0.005730964
6 -0.029618144
10 -0.7663253
52 0.9607045
75 0.49972835
54 0.9248884
72 -0.8178416
61 0.44895783
13 -0.41647583
77 0.08706313
78 0.8496651
21 -0.44772235
29 0.45321223
67 -0.6784951
58 -0.35484886
25 0.9398777
59 -0.15776527
48 0.03042999
47 -0.41177866
51 -0.769495
15 -0.14921856
31 0.24527423
40 -0.08527775
33 0.5533662
69 -0.27330494
27 0.22352551
50 0.54636234
56 0.836038
30 -0.14507365
65 -0.9195741
49 0.43705523
36 0.057178497
23 0.74421453
