21 4
0 -0.0133585995 0.005924708 0.12758102 0.2252481
1 -0.23266144 -0.17796795 0.16154604 0.22443473
15 -0.1253857 -0.09408429 0.18451262 -0.038336784
3 -0.11341533 0.16385129 -0.12150401 -0.04540044
19 0.071914494 0.024796844 -0.20713037 -0.23622045
4 0.18283725 0.12676801 0.16886392 0.019376824
20 0.15882646 -0.08511627 -0.023685927 0.14420518
10 -0.18804094 -0.09840259 -0.18778956 -0.023251057
18 0.23819503 -0.18323615 -0.058471248 -0.04790571
7 0.20193592 -0.1482724 0.001129061 -0.11884335
5 -0.23997237 0.12523982 -0.21905003 -0.10938832
14 -0.00090165343 -0.007524982 -0.19158542 0.24079151
2 0.12464115 0.23077941 -0.20389101 0.11269697
8 -0.1034269 0.020613402 0.2124655 -0.111554414
6 0.11293751 -0.16967401 -0.088712215 0.2349627
11 -0.03950331 0.007982344 -0.10337792 -0.1918388
12 -0.037700206 0.06174487 -0.022200674 0.13834155
13 -0.06857443 0.056501627 0.13639486 0.20864883
16 -0.036505893 -0.23024642 0.10927057 0.014431993
17 0.18597184 -0.020377923 -0.065806374 -0.219055
9 -0.021413922 0.07066408 0.13503572 0.17631641
